1970 1971 1972 1973 1974 1975 1976 
9862 10383 10890 11168 11143 11602 12151 
1977 1978 1979 1980 1981 1982 1983 
12697 13164 13587 13764 13691 13567 13794 
1984 1985 1986 1987 1988 1989 1990 
14112 14405 14949 15458 15807 16161 16699 
1991 1992 1993 1994 1995 1996 1997 
17301 17727 17724 18014 18316 18479 18596 
1998 1999 2000 2001 2002 2003 2004 
18827 19296 19678 19963 19775 19786 19941 
2005 2006 2007 2008 2009 2010 2011 
20034 20358 20385 20545 20629 20737 21012 
2012 2013 2014 
21574 21262 21769 